-0.000574003158739787,0.00167242539083995,0.00224140815950257,0.00887811760042385,-0.00191693800818154,-0.00441217356838094,-0.00252985617765393,0.000498966177361761,0.00491601143221173,-0.00860419193148754,-0.00820526766522362,0.000256832136162349,0.00619976060273433,-0.00474328991392273,0.00178438909622017,0.00321738360068094,-0.00480300889005291,-0.00627655197834346,0.0132537352874146,0.00364264026125713,-0.00783634625631669,0.00198458892282477,0.0106207737537916,0.00358842865984617,0.00558989704891524,0.00342887179676469,-0.0226215880458132,-0.00700591246110684,-0.0137807067002056,-0.00309192797001413,0.00295383037088269,-0.00694375607745468,-0.000994286597791218,-0.0142485289276582,0.00103527220644944,0.0174392934505137,0.00852084007399621,0.00327377177933896,-0.0192881969575468,-0.0192576540681183,-0.0275498029266712,-0.00347315797775169,-0.00517708334670347,0.99810181994489
0.0155787469447278,-0.0100723707955515,0.206822151462099,-0.0189974618928309,-0.0563591285791193,-0.0890582034449695,0.0636809945828678,0.0351827362171107,0.0079833317852617,0.195187553345235,-0.0235841717644187,0.0474488665176292,0.0106733956035974,0.00297618605949565,0.226815167449651,0.196830881610977,-0.255673046218,-0.0893324893250834,-0.185047112686234,-0.0212810304970173,-0.180369950794056,-0.206940685858996,-0.0417287499893654,0.135602664562238,0.427716443578535,-0.170906405930076,0.302336496008486,-0.150179985213842,0.419558986088352,-0.255705200091707,0.0192473176237749,0.110230119302079,0.0261846294581205,-0.0675185934354594,0.103173764932126,-0.0549063221263529,-0.0177328261791722,-0.00642060097873536,0.00671068082291183,0.03325148038991,-0.0106254279091096,0.0444447016845818,0.0515670758505001,0.010099542638066
0.0253162006621676,-0.0143318481040663,-0.0330738671750855,0.0572244716035015,0.0324417129093886,0.0814660645474456,-0.110111611855462,0.0436821374963717,-0.125090424692243,-0.0332609540818491,0.105894701888586,-0.30744205478813,-0.144066224286341,0.0784486424579674,0.495266763011171,0.293772617698292,-0.397895503222219,-0.00936847465165427,0.147167829376867,0.0711914706414327,-0.00217090678345872,0.0885650082832399,0.0627339651138446,-0.0990756825108264,-0.265081223197255,-0.181757857434388,0.127710020378858,0.0673190307763557,-0.0188574676716693,0.212119958954447,0.182186101731745,-0.194393152539149,-0.110806611832979,0.0478666635769223,-0.142840652052669,0.00679678389776175,0.015837788266148,0.000372080372742251,0.00375211667839041,-0.0650018392611613,0.0396103501936113,-0.0415026528573514,-0.0454055692904998,-0.0002736456156805
0.0298966439667348,0.00382990664044846,0.218016728085941,-0.151772874376035,-0.0389145523043685,-0.267735281251496,0.271486523963356,0.292694427595133,-0.13446819295868,0.620560963384031,-0.189283817398141,0.11702354690098,0.0137161246457195,0.102659598811554,0.0923382913864745,-0.14823427055683,0.0782276696391756,-0.0690010873520345,-0.124018032543338,-0.161473646288133,0.00479849139538864,0.0262584739892152,0.111070238573966,-0.0924917640462216,-0.201109911320591,-0.0235245810044561,0.0300063535949847,0.112498310393548,-0.164142785994853,0.138003426505537,0.0708096590956786,-0.100166867178686,-0.0185402129610737,-0.0211245179332628,-0.0702066639784101,0.0139521672697502,0.0229513256813183,-0.0407977659434775,-0.0276838963828499,-0.0112026367700897,0.0370445262014186,0.0139531264841881,-0.043552204643077,0.00608318763012295
0.0168494085904766,0.00674285151772973,0.733626437629583,0.270857196035784,-0.295585281855312,0.346153992805239,-0.087629601937245,-0.197880893294716,-0.103222192670827,-0.00558953329051885,0.232954309180462,0.061045845442955,-0.0891289278139174,-0.0347660425676816,-0.078118768039403,-0.107170245324077,0.0776442002991686,-0.0786574996963605,-0.0437321875996542,-0.0167572838024394,0.00350057947530357,0.0616072072718674,0.0238218570538108,-0.0664207065145003,-0.0426321819407798,0.00155554469000937,0.0469539672219314,0.0197154196687209,-0.0421783727772694,0.0481004331250746,0.030217210667826,-0.0398966147221672,-0.0396791651940184,0.00828825197454934,-0.0355205201567109,0.00383815400476059,0.00984940239087572,0.00954787867647426,0.0158008121115253,-0.00421252521948881,0.00642219166609051,0.0111161473179283,-0.0300165358945208,0.00127841260435847
0.0432752282213377,0.129974083549336,-0.267625968197647,0.0334112702613038,-0.565284346884852,0.112881189798143,-0.103118735276896,0.032513727297825,-0.0997491482057829,0.0557135501570943,-0.0646496371738782,0.0826190724320068,-0.174433278631396,0.0291017886419667,0.293256296755779,-0.148106843213518,-0.128262135391189,0.10841253808657,-0.0941038999877844,-0.225264790236191,0.214612863161583,0.038670003053121,0.00252324059587578,0.176953844137802,0.247178909655432,0.27889746283862,-0.11138712296319,-0.198091254921295,-0.139159212826891,0.0896891823788568,-0.0336613433040123,0.0458346212860506,0.0286605292618596,0.0257547632322249,-0.0877708030625672,0.0054440199800419,-0.0294439191432131,-0.022014807040492,-0.0452113828550643,0.00857495207694509,0.00203606839722372,-0.0256304972991817,0.00605195835701869,-0.0035549285028166
0.111312265397455,-0.0380406961079333,0.162208238708906,0.239823728834856,0.705733460132554,-0.014308437164404,-0.105245888112316,-0.140664975186932,-0.0129378488479886,0.119580536923759,-0.0348470399583607,0.147134422929297,-0.193736123167288,-0.02628206889923,0.195153878609296,-0.175203242871837,-0.124545339601938,0.0973934425944304,0.0194812756367677,-0.133255621446113,0.163095337914261,0.00691908377690997,-0.031279877707676,0.139284047434938,0.182231972917884,0.212402457643163,-0.105223559503135,-0.155320852509201,-0.079137202246417,0.104247435326069,-0.0131647301272324,0.0225725821170066,-0.00325052745477376,0.0235295325977622,-0.0555270765306046,-0.0139459082958568,-0.00803774785840217,-0.0221547313353774,-0.0153066063460288,0.0323192719207851,0.0133124349122215,-0.0383318605921612,0.00716831870758188,-0.00229463866506792
0.148180535759767,0.0517870713483605,-0.164101855811419,0.0506289282449629,0.0316405095969598,0.395579734667074,-0.391220854214913,0.164913063402653,-0.00360603267756875,0.508299424662049,0.050825654266495,0.0873069934334797,0.173079719931739,-0.0967918061550062,-0.354739217515339,0.136992207276234,-0.262566379065063,0.159256789865227,0.0773353878249264,0.0447436058492756,-0.112809490344357,-0.00189786006499928,0.0226404104384879,0.00218718941314197,-0.0619295527886349,-0.0471361947760365,-0.059746773929699,-0.067492458422237,0.0004255818531022,0.016246422389368,-0.0648676086181484,-0.00721414805761266,-0.011551796516191,0.0150774623800381,0.095312081040156,-0.0804805294548486,0.0132689112582375,0.0466086940907387,0.00474155215098237,0.0323645727240987,0.0197494197990409,0.0338864052759148,-0.022075691432156,0.00290994156964962
0.0377434327724384,0.0443968780445961,-0.148945566677015,0.00762469884027195,0.0539638201914132,0.0913324775727653,0.00555734556132524,-0.182070920514793,0.113185191051131,-0.0375874726040303,0.0640076390397892,0.0838405058903286,-0.106823613045631,0.0611036230640518,0.0200675745830294,-0.20708598578143,-0.184804988058216,0.192392805438479,-0.279088734440166,-0.151584525052191,0.216277266101646,0.0163740681336672,0.495118714341415,-0.380136223446593,-0.0623824406634829,-0.0893088270157046,0.206787661401453,0.26626456545228,0.0592314699933753,-0.192820684527811,-0.106045447043375,0.064159518155462,0.0361263904950189,-0.16276223626052,0.123129571470275,0.0162286713143718,-0.00210203358162036,0.0331987681051545,0.0521546837545012,0.0592507389473383,-0.0404904941912168,0.0585835340268212,-0.0096222147690308,0.0109688164688278
0.108381489837402,-0.0437743180228202,-0.206547761347395,0.205296727203609,0.06957293719122,0.250116229580657,-0.316205790606765,0.101472976686679,-0.0215804449700737,0.157064572545879,-0.13417089464164,-0.0889826158368849,-0.136072621228955,-0.00644486610722664,0.280921453873249,-0.0397723852810633,0.563353230707346,-0.366221410237683,-0.0799217788217033,0.0904565815220194,0.0288625660590623,-0.1122966555801,0.0248599432439596,0.0091817118186755,0.017885063663255,-0.0950093866217825,0.0640832415299645,0.183409930692882,0.0564207917023071,-0.178210689523277,0.0220999258874508,0.00135462194402812,0.016479620067504,-0.0175277065511389,0.00737489340770649,0.077728355134605,0.00259668945945349,-0.031562752032878,-0.0321195339912565,-0.0266328610635496,-0.0388487423989246,0.00877984350460263,0.0022080244002836,0.000726602330702546
-0.00542312527704066,0.00122608150012301,-0.0386288806541059,0.000661766517524481,-0.0256215699360742,0.0150742218296977,0.0083191773990973,-0.0629319210879484,0.0501110121794032,0.0139265411692583,-0.0442276076951993,0.0911090671589304,-0.022603343098681,-0.0198985085226317,0.0242509310021362,-0.0618313179457205,0.00415146273898217,0.0204957310229112,-0.0209923238423511,-0.00556494931696266,0.00620142414104183,0.0201420761864587,-0.0526102330463078,0.0153703505477251,0.0850468529912291,-0.113093556551724,-0.0845978557423616,0.0218272833451602,0.0472746774591624,-0.00737636759337398,-0.05984000583985,-0.132378663252737,-0.0627620787512386,-0.0221735995493385,0.090642168018156,0.106160344066586,0.476489015244091,0.0030659106689976,0.447687975893816,-0.369369786699336,0.556946975456297,-0.143355483828795,0.0350277254755171,0.00900361940325124
-0.00018336057569418,-0.0250594740752844,-0.003309595498524,0.0335976753462509,-0.00588634566578874,-0.0181686737773564,0.0156182507723945,-0.00768183009828325,0.000109394704483918,-0.0115965738193723,-0.0349448296966256,-0.0448717257763165,-0.00372376409496581,-0.115382553201051,-0.0254728637922913,0.0127581722183723,0.0438383541044773,-0.00789314008935078,0.0333591928701095,0.0376645579737754,0.164223160797911,-0.0664457217220039,0.0298747831535577,0.167341557311616,0.0429310339883597,-0.173097279336897,0.383089490625064,0.0887626417317764,-0.211899114327019,0.309763765593042,-0.12420809834234,0.181046282801059,0.507630237951728,0.26669445533988,0.0615573898272144,-0.389058223493382,0.107238786974954,0.0984912130226788,0.142411229039004,-0.0750160430574281,-0.0433341819063835,0.0384557822207585,-0.0707320684535264,0.017892785679977
-0.00170448599804042,-0.00397102957900613,-0.0336643170521224,0.0133996524859353,-0.0119093573056047,-0.00815213599044286,-0.000744105734064514,-0.0750747192815918,0.0395106449311599,-0.0425378167511609,-0.0172074927472938,0.0616072722926179,-0.0251815465362708,0.0243704211341242,0.0239876038923356,0.00794144989879465,0.028122670827772,-0.0110528000655938,0.0450769297065009,0.0131127994270131,0.000198166724389891,-0.0154261181613769,-0.0438920891661226,0.0788061892677749,0.0129101585113544,0.0437583434389443,0.0121731938378662,0.149626843706254,0.00384316606939043,0.0687479922805885,0.013674641061508,-0.0491203899408979,-0.159166671966118,-0.199883830978186,-0.0226197209913809,-0.351413625576408,0.106885669581433,0.10270478388759,-0.39192777158866,0.059921088102147,0.430077352589136,0.62132953849227,0.0217299257109563,0.00967685332650413
-0.00406238137581947,0.00900837192412353,-0.0364793629525505,-0.00702423945203326,-0.0193424658748128,0.0185706365695752,0.0123125253755032,-0.0629525044512525,0.0126659472667057,-0.0100969680478195,-0.0290567093663662,0.0859391661996352,-0.0135685278555482,0.0212557131453512,0.0163296119048465,-0.0653007061728248,-0.0269965905682034,0.0248952365420713,0.0167229668852821,-0.0560409284919562,-0.0711163811081204,0.0121103860136221,-0.116704247842252,0.0472696680774184,0.094963235065877,-0.0498520215884795,-0.0150217254852964,0.178240860792647,0.139569094884602,0.208007187313608,-0.120714847607766,-0.262360155827108,-0.0918554119421965,0.00545347520268771,0.0905296102276496,0.0795340673855456,0.644249906369508,0.0376533558822941,-0.180472184151788,0.117220958054794,-0.526505632655908,0.032560416788847,-0.00946667997773938,-0.0204722971085582
-0.00246644183979014,-0.0025289632870922,-0.0151018813284618,-0.00448244663774419,-0.017449152940249,0.0216964525154861,0.0496174716675101,-0.0443592751888248,-0.00886375641366461,-0.035243423076205,-0.0556339782216915,0.0885105048759594,-0.0225749816307936,0.0190114539361525,0.113880002965941,-0.0377307272067094,0.0961726485593336,-0.0742600376881292,-0.0438350879114927,-0.0444115499685423,0.0791200422953331,0.0148471896884294,0.0301322663056092,0.0421018150300043,-0.267732207250775,-0.17926696621438,-0.150295210858511,-0.382564676248221,0.0914620368874102,-0.105810461772037,-0.0204077282441271,-0.276055978344194,0.0272612281088518,-0.0741639946106387,0.175916377425794,-0.346701449945945,0.00912534529497909,0.443226482225324,0.0926042894343501,0.397378094059316,0.0440613205109495,-0.217845439972199,0.019186006820884,0.00897974980542338
-0.00425776638239965,-0.000736270665738198,-0.0574646433097896,0.0327929504050676,-0.0230617939548511,-0.00208396474880718,0.00831185345138363,-0.0918459935795384,0.0379330474834476,0.0336627310314554,-0.0608567897121207,0.0451334612134244,-0.0267032326984827,0.0112977361233945,-0.0539031721028651,0.0205209900084943,-0.0621884199789507,-0.0253372046413752,0.0134603757476006,-0.0333582919020337,-0.184278665302913,0.0116851807959602,-0.211977422697647,-0.0429844732273428,0.328230269943533,0.035515986573336,0.106773303393114,0.513023764228879,-0.161566918461761,0.0528412542471875,-0.152365018081676,-0.236221479177794,-0.160701032758818,-0.0116951131954165,-0.21316370760573,-0.120667837023275,-0.267881120594176,0.190544260586399,0.160545884131677,0.285684211171735,0.103604204040055,-0.288652142458607,0.0140865143643751,0.0151238880145535
-0.00160029585810361,0.000534066774457964,-0.0173449016896962,0.000994830522013909,-0.00507456861291886,0.0270282655494755,-0.0196407649687027,-0.0745316801474957,-0.0773780837131929,-0.0332019721432872,0.0426602134923809,0.0219211581526254,0.0372352348922582,-0.100951950787266,-0.00858408938292518,-0.165663046619548,-0.0845905942517558,0.0876944618979115,-0.124019509218958,-0.233478590097588,0.0262284942442147,-0.124346149195986,-0.117215330888823,0.460827266747976,-0.291378740268206,-0.372927311147407,-0.239542984845462,0.257570167220901,0.244007014581832,0.0250907343388278,-0.0675726521859931,0.148936407462078,0.0691376716407139,-0.228328141574123,-0.280276670214247,-0.0225457113452945,-0.123598619271792,-0.0857571727392809,-0.029351307259695,-0.101589573286796,-0.0318264952256497,-0.0947331697686967,-0.0559014520154607,0.00187049000840733
-0.00723945462487966,0.00687480265011022,-0.0507763685197016,0.0414168304538551,-0.0585482193440355,0.0298549033804781,0.0521312396943366,-0.152672004320392,0.0958686239905673,0.0946056609775042,-0.211936627574611,0.304204005145453,-0.0788541587067333,0.0727765864477519,0.00294141814263946,0.0905126343687558,0.124530607017691,0.0299859840851778,0.333976822769694,0.0218498099553956,0.0512021778176984,0.348655839972661,-0.0103420952404096,-0.326826520585899,0.119894777907229,-0.12734339612871,-0.084752245116765,-0.0669855153225589,0.38631404556081,0.103884074093098,0.0808567058412878,0.0731938636336354,0.121258529544282,-0.0446971543836383,-0.30087114102059,-0.206830891675672,-0.0874799309697293,-0.0436490374960699,-0.00501787314725351,-0.185524521015517,-0.0938299320139519,-0.0371751340204626,-0.10967487109022,-0.00307919034912123
-0.00198682328015086,0.00398058709381996,-0.00199811122139681,-0.0103683352308117,0.011066130488818,-0.0136235306059812,0.00832117786163379,-0.0576501818866275,0.0118496213369739,-0.0215771151507665,-0.0448244254612795,0.0237791252588164,-0.0160212293209567,0.0366620678439878,0.0632247809705763,-0.00176947596026239,-0.00627955747880017,-0.0593151017228405,-0.0601060740944246,-0.0790241778088032,-0.0400262126683123,0.121561897913354,-0.0437758015961151,-0.0063997885235574,-0.000891266261659888,-0.276928380048315,-0.0228544960285315,-0.140906390043728,-0.270752861502273,-0.191654251186382,-0.401108092099023,0.0080778219762304,-0.479113660931948,0.206633357507745,0.102920132710034,-0.341474692661988,-0.0896004574402113,-0.277656888537512,0.0115506916542088,-0.245740889321215,-0.173071820375595,0.0452094964372388,-0.102372638140236,-0.00303713939648225
0.000421986700436209,0.000714485320158546,-0.0293434135252434,0.0134778581694279,-0.0111719837446904,0.024458157881966,0.0417853315773257,-0.0115041913826216,0.0182029687168112,0.00142516415841294,0.00301597908286619,0.00778501331576362,-0.000524555585461365,0.0257364073125733,0.0619589528726692,-0.0832960057152254,0.0124435037838795,-0.00323693966317977,-0.0242328335862774,-0.0582897504087913,0.00180710375153197,0.0113652885144014,-0.0492131856020719,0.045107712845046,-0.0418339709306634,0.0365327416370777,-0.143265208902084,0.0792608525158753,0.330673728064939,0.210616004671109,-0.0766872791607119,-0.249612467222254,0.0336595957953379,0.334091634345072,0.24857882633044,0.135708522798694,-0.298309730677338,-0.141396330670132,0.400775854322049,0.159093647364796,-0.0131541228097929,0.453754907915709,-0.172335442466662,0.0187466570682406
-0.00590724734490202,-0.00843224320483545,-0.0304578401474562,0.046859478519458,-0.0494293692478627,-0.00270348765979792,0.0191673553766344,-0.272405206533096,0.0121974631458073,-0.00705093802284365,-0.23252974122727,0.405923900775526,-0.137594762395156,-0.195120439610896,0.0903217475202793,0.362788176308197,0.10317101554845,0.266926485282125,-0.0862538507304042,0.0311337840751833,-0.114773433420099,-0.0973870122762735,-0.104013186765731,0.0344938525369428,-0.100188172675174,-0.228644607810852,0.0435849464171184,-0.0354055072191081,-0.356313639441579,0.0179573500454568,0.203068487699059,-0.000632250840489478,0.0213259648238843,-0.119076919528954,0.122766615323998,0.265228202824822,-0.0755041763586401,-0.0281148267894944,0.0722696387821045,0.0679515163083365,-0.0722001242871008,0.149925412580788,0.0288498588342384,-0.00801881580905887
-0.00233163730826367,0.00392983617048165,-0.0357213118915243,0.0206906973494847,0.0248822515280318,0.046270563451912,-0.0334011696327481,0.0794367331690879,0.0668791349504173,-0.0148673976461356,-0.0141120531102218,-0.0509985718645355,0.0732950081698582,0.20914378070511,-0.062854383003775,-0.319030150747223,-0.182757798341021,-0.197186519012094,0.112708043091473,-0.0495263973992673,0.105396777601787,0.480706203429278,-0.300868848437752,0.0988996307826832,0.109631870760603,-0.303811476426511,0.153457740027635,-0.029531709207637,-0.207891888217322,-0.139548853211997,0.228481608201051,0.0148753909183767,0.114146213014183,-0.208989191711707,0.161020490201258,0.177285572847623,-0.0458329015133672,0.0220439134736482,0.0608319188669837,0.0734906203519315,-0.0411416747904434,0.151612062734819,0.0389881511222696,-0.003385085499839
0.0103851675112491,-0.000224949591239717,0.0484524110310308,0.0113944744626328,-0.09906912520744,-0.106944138913791,-0.0704978266253173,-0.107474278117947,0.319783252546119,0.172055750755426,-0.0032959204946844,-0.297185421600786,-0.174106387742796,0.225064992857064,-0.133609854190799,-0.128731747113944,0.202546564637913,0.386158340524498,0.35815593560228,-0.0825356439847202,0.163651185593273,-0.303362266846009,0.0147463987031124,0.129953845417245,0.0349916390074716,-0.141141157282358,0.216316870389761,-0.104004448135109,0.0381844579880774,0.000810969763554563,0.107552433175506,-0.164083479591607,-0.171098954932633,-0.0273437938100679,0.0269210961906971,0.0298699010659837,-0.064926960190558,-0.0689735525451828,-0.0113801881979215,0.00605704393434564,-0.00223482640748654,-0.0564220973917984,0.0146335620401902,0.00489911888852606
-0.00364875766791737,0.00165778669749647,-0.00689047117652132,0.0215677359246038,-0.0253747013265656,0.0356764516695887,0.0206940198405862,-0.0235581314207182,0.0105725703998352,0.0204723003202888,-0.0144200522619847,0.0470724212135296,-0.0211205792180091,-0.0185226103292181,0.0173161986628642,-0.0169669775634314,-0.000404223618686271,0.00630684524190269,0.00521584646605591,-0.00994070006409544,0.024612919755267,0.0910008631826302,-0.00810491069659211,-0.027060014934696,-0.0734084184238984,-0.069440001427072,-0.0417070179310121,0.0862381776566526,0.0948748819767838,0.111368874416209,0.0403286406288476,0.020144286015641,0.0249811909280198,0.17364804623555,0.132041928806216,-0.126949502582214,-0.0241146399732184,-0.349735429101502,-0.0659573675889974,0.142240271870843,0.0682730627586365,-0.104367029378444,0.843778406979789,0.0155443472627791
-0.0064527386066555,-0.00260772474021738,-0.0116567139232862,0.00611657051785121,0.00331585803884629,-0.0027208302308259,0.0247296326672744,-0.0730553538990778,-0.0204316963511795,0.0224259776910322,-0.0480348527768064,0.0956004091816888,-0.0125300842516242,0.05940987604781,-0.00559037498873837,-0.0335189716962855,-0.00977807762550438,-0.015372805678292,0.102951544510719,-0.0933229853800275,-0.0264096804413387,0.0849217603538084,0.0623504484014365,0.0508299507888121,-0.0522553772060763,-0.199016735956709,0.110738194158198,-0.0606622670757237,0.0617987360897427,-0.0388642936130527,-0.317830582648566,0.0763810437664498,-0.023628242136522,0.470031582271921,-0.128283429827074,0.444463697525154,-0.064078411100835,0.426982619811502,-0.319255888076146,-0.052319957993445,0.168519485430896,0.034413287865606,0.126346836312152,-0.000261026205348493
-0.00498158876160693,-0.00649937992053428,-0.00971223082060308,0.00211248760627432,-0.00818307135242762,0.0160617287704152,0.0131988721455183,-0.0404895594030536,0.00729366085042333,-0.0357735540793114,-0.0209862470510733,0.112794467756757,-0.0416399981151819,-0.0140430521567242,-0.00751535538245609,-0.0422724456615537,-0.0623980313377847,-0.00759135705970712,-0.0405196169427654,-0.0201457514152753,-0.0333408256297079,0.00971678722598249,-0.0263185519438158,0.0565059249783431,0.0319762059654653,0.0554045129407644,-0.0379364238745549,0.170577415156953,0.0608506655998623,0.0321706779594831,0.176656429979981,-0.306447507055856,0.149721735056033,0.0648658960742104,0.522756769047744,-0.0645152064486765,-0.236058330083447,0.00902888438938928,-0.424040062885736,-0.393802767417681,0.0620090969031033,-0.286104459227325,-0.152308890708771,-0.0139925496531871
-0.00514133902533367,-0.00470547835979763,-0.0251107623248297,-0.00223399102020273,-0.0244739898262544,0.00764791365777479,0.0104319719083657,-0.0477834802304297,0.0313694420565999,-0.00752473250052513,-0.0262329019926061,0.075643606831523,-0.0323395248688956,-0.0108848339361097,-0.00543234986425903,0.00788761247961323,-0.00436862355013131,0.00650017706927232,0.0259024628342738,0.0323871235684286,0.0193511966205735,0.122308504744104,-0.0139555750549911,0.0493690839237669,-0.0711569059402365,-0.0531750528172487,0.0835697800416814,0.0361379290355771,0.0579235714639181,-0.0605408372631289,0.0678867187842583,0.205383349798362,-0.0251501477236785,0.233695012216861,0.0653375501974153,0.0434615679030406,0.193982158135997,-0.425182160711915,-0.201437686306542,0.498207207717429,0.306860385591233,-0.250161465177495,-0.414946281404742,0.017193285126359
0.000361392755386828,-0.00884866784251068,-0.0252278597660207,-0.0112576533527586,-0.00402872394791943,0.0110154319538075,0.0153372882592717,-0.0175485621631767,0.0314868110926855,0.014141240544265,-0.00985154526606187,0.0756448529054454,0.0135376849630789,-0.00633350597352829,-0.0138493220987646,-0.0756164451144454,-0.0191869875560598,0.105436758049238,-0.0580563623980699,-0.0113819021575173,-0.00894792500484305,0.0606423195329795,0.0482508809689956,0.171172060589363,-0.0426688620446931,0.0980387983914937,-0.0446029940119183,0.21050308645849,0.0281654433949722,-0.27753916019388,0.586221360074874,0.171779858608865,-0.251254663812451,0.443452274029595,-0.0700892042703849,-0.201107702988576,0.107410092562264,0.249754520569169,0.141786445985427,-0.0774288106120908,-0.135650908654097,0.0483803407384255,0.0180429838504274,0.00539713515102529
-0.00437413226849291,0.00634994382923141,-0.0558568284274503,-0.0152642369124933,0.0140285695188227,0.0360155737554042,-0.031378204669264,-0.0908121211723612,0.00419323543902981,-0.0126642356403525,-0.125697289828383,0.0785995586745098,-0.210345677141608,0.0697539081128389,-0.180668959164191,0.173826625804047,-0.0868267307594146,-0.218110745930821,0.0255822151959674,-0.382716883392856,0.0487431132137079,-0.021827821506714,-0.324178255812587,0.00381052200231133,-0.40581821688202,0.387793537117513,0.393353239638044,-0.0197178770765592,0.121022747601078,-0.166811440042571,-0.0750293467440036,-0.0344084075074856,0.0149677471497279,-0.0260825582781867,-0.0244773326372965,-0.0235092672805294,0.0425524671692862,-0.0482189484630637,0.0826066530049678,-0.0870197706283947,-0.0209233035128713,0.000932120490610896,0.0290976225137144,0.0139688782174748
-0.00742830538907222,-0.00421283443661317,-0.0550633988407143,0.0920550453698616,-0.0237838989040312,0.0691208688090178,0.0755371032701886,-0.100939767679423,0.0865062274582748,0.0492162671037994,-0.0751418973875431,0.0964800984134337,0.275227600518184,-0.0588308121486482,0.231118459982247,-0.31508492964013,0.0299593494791528,0.239829785752993,-0.0508136138797346,0.440566698336296,-0.236674831188575,0.183817167181305,0.0106709909782962,0.212203908271739,-0.228615439188687,0.239214457948913,0.362905257240872,-0.0837282996900288,0.0772900217647788,-0.0425050057172975,-0.124438984254811,-0.128523538732223,-0.0195994792787178,-0.0777038471261108,-0.110626248773885,-0.0082156434209653,-0.0508564118613907,-0.0622181691042721,0.0179880635461797,-0.0687080404355297,-0.022992987159459,-0.0348590559275141,0.0202854745108179,0.00204191952780562
0.000562745787143274,0.00369759089093475,0.0404733704666839,0.117562246565921,0.0458379166922667,0.0894153424220785,-0.0375164233888628,-0.142474750474712,-0.0697966375509219,-0.048889125351631,-0.0301271786846137,0.0520348742273218,0.662444255076445,0.51575596719657,0.138283902700274,0.254972929090833,0.114779125761822,0.0975841836035325,-0.0397411851064129,-0.245434369719144,0.135659082923093,-0.0704148987362983,0.0145937643841069,0.0184721917107617,0.0368847769074621,0.0443898690406097,-0.0295152478883926,0.0477887727447486,-0.0760279621498678,-0.0563938426105002,0.0157757518087278,-0.0751230228246182,0.112628946473687,0.044976338142271,-0.0351398845192149,-0.0135839106219396,0.0353579805746088,-0.0682127059318935,-0.0100671863807901,-0.00420570366104787,0.0246175776560313,-0.0186660297476756,-0.00145510956962203,-0.00138690224282
-0.0066994916118661,0.0269451074554946,-0.0545358142338564,0.179002014279229,-0.0922061864413482,-0.0386494991987109,0.0404863302319314,-0.181881130528952,-0.00830732841377741,-0.00562221082676931,-0.209713507754089,0.0641516441240217,0.320367003681337,-0.275827909539092,0.103102128720282,-0.301638584977465,-0.238688424016042,-0.320738362032205,0.406146745446108,-0.0767180556608763,-0.0174556016269775,-0.414748888630964,0.0338483994212835,-0.201169711824421,-0.0578554562302604,-0.0134804183185557,-0.015369364979725,-0.00981845772766279,-0.0607500446623276,0.0280323191948358,0.0867386109856054,0.107851140819392,-0.101515932101092,-0.00149110246385859,0.0812133004217821,0.022012691884765,-0.0101344785779402,-0.014167933497085,0.0182959196247531,0.0174087742748328,-0.0157250831070732,-0.00134260411607503,-0.00935115360709322,-0.0137233871135522
-0.00181246806530114,0.00631977879850836,0.00569038444096862,0.0648146605677471,-0.00667366318794789,0.0125949979739172,0.0150622790465292,0.031607668548594,-0.0311646659806871,0.00698710052160455,-0.0589512483819694,-0.0160707932785004,0.0565311132877402,0.138297099444375,0.0453772354238343,0.0891501072139248,0.108081950592801,0.0189314614672889,-0.0139757549615848,0.00661325332410306,0.0552533366936942,0.118191189687735,-0.0241354317125887,0.0631835060407293,-0.0513748887348349,0.0829743485842911,0.093355070620835,0.0659814737533106,0.145392075779109,0.437097493194722,-0.0470023066407151,0.506993767136753,-0.403811894004675,-0.205748238288595,0.373713347452104,0.0423825973081408,-0.0744913822786243,0.225367966612798,0.0843585455341831,-0.00241997166548699,-0.0113120014322677,-0.136933614236705,-0.00823890660681035,0.00595473413174803
0.00598015949891255,-0.00281531139408019,-0.00262027172816639,0.022640125214589,0.0120514885958832,0.018441412545993,0.0914120482900329,0.0189856846997074,0.0848575935580153,-0.0317741104063378,-0.110398102409879,0.0502780183005126,0.162203298335882,-0.304287746861756,-0.205152778663517,0.230680181952756,-0.0155655138394161,-0.256072404108627,-0.0440716610678393,0.0241408687831479,0.463501548752744,0.158077938270198,0.348716131004024,0.312040464619824,0.112587709962496,-0.00819445845978862,0.156875913670372,-0.0351468000034032,0.051490741893584,0.0900768649356417,0.0712380491895591,-0.277859935074736,-0.236892423726104,-0.0586143143078736,-0.126031374714386,0.100671633737972,-0.0518107672154699,-0.0690737432391734,-0.00125829968465485,-0.00240024636676218,-0.0178886499571067,-0.0277486209523301,0.0121202620863761,-0.00807685695451168
0.206435873159588,0.961422340130428,0.0627985534165797,-0.0351147910215065,0.0906061409913096,-0.0420687869718608,0.0218353801699657,0.00895937361256927,0.00884070264632138,-0.062930353465019,-0.00635538226855879,-0.0121398115373469,0.00275604238422113,-0.00668988313036819,0.0110428226226093,0.0281957820729971,0.0606178637834572,-0.024472161533594,0.0223421785389245,0.0442635605696987,-0.0244084850865309,-0.00422314284610622,-0.0231048905506751,0.0146977394586062,-0.0194290271234766,-0.033910960381843,0.0254683147813271,0.0290301508025955,0.0127266085430343,-0.00997121577009491,0.0154828467720463,-0.00897384700798576,0.0103436752268409,0.0145084163445842,0.000788088667849461,-0.00367313714251113,-0.000552124870977447,0.00289541452766267,0.00338340694405819,-0.00584598013742205,0.0073105130144479,-0.00259271597369418,-0.000367069358200807,-0.000925017423357889
0.951252759837889,-0.214387602895722,0.00439931681083796,-0.0549823503199674,-0.0839226137867692,-0.0843081099609603,0.103560278407146,-0.0281808334156611,0.00465266696499181,-0.123680133337685,0.0160383243945661,-0.00394733608879376,0.0323071041646755,0.00657929453061016,-0.0300295027143761,0.000692657737943734,0.00333140136777241,0.00177393313131572,0.00713187230307684,0.00504480775009235,-0.0230155730316374,0.0131989931437785,-0.0329404818113365,-0.0173647041157099,-0.0136012542137463,-0.0055911611379818,0.00469939103283792,-0.00501056749112506,0.00699880469917853,0.0110866712575508,0.00524728231038679,0.00180820435076987,-0.00372356882154563,0.00294279265719513,-0.00597796443454064,0.00528329955951194,0.000622520961319069,-0.000464032891386069,0.00115221591772699,-0.00714048018045014,0.00249648289428994,-0.00680101508213158,0.00494954306223547,0.000372619618095695
0.00222164792097391,0.0318346121348521,-0.182415664107019,0.730673160241165,-0.0755119311101904,-0.34824005971747,0.109494777343263,0.0118493249805152,-0.294617849698786,0.0249238375583693,0.0299438247515502,-0.108798492019406,-0.0877388633270725,0.0547995358646128,-0.222874509018636,0.063980104014444,0.00487734769774562,0.0406911235931696,0.0156432301378063,-0.0715558043637576,-0.222432126473241,0.126944332357492,0.181723206857049,0.075583203607065,-0.00111408108694415,-0.0246111122069013,-0.000105469584425687,-0.0213853287689792,0.0288331716083091,-0.069989737418893,0.00711936927882805,-0.0453248645232477,0.035342594919357,-0.0321743686387895,0.0398000755882087,-0.0232023984074822,0.0404884270048275,-0.023120872685062,0.0261722505466713,0.00473037296298485,0.00129630853284516,0.0215703117002689,-0.00166899891703377,-0.00833569134987356
-0.0018504983291958,0.011872754105306,-0.0279836035502736,0.178216130351455,-0.0368759467041557,-0.0971980301016128,0.0487083516619556,-0.0115718567705641,-0.242396787772017,0.0795709783152772,-0.0672817983690838,-0.0228179478331418,0.0228903992799833,0.021016445425546,-0.0992730910602834,-0.0278129256094678,-0.100010144809828,0.122054392531164,-0.243519672778579,0.412338354936531,0.538467287222426,-0.171726900158547,-0.448677841679575,-0.234487928615609,-0.0314112458178149,-0.0696837501243046,-0.00697370748752589,0.0226791620067088,0.0957958953469957,-0.0646193429365189,-0.0256757001612033,-0.0216675946594965,-0.0760301638594463,0.0827678536922398,-0.0384990623528641,0.0136661868161209,-0.0120854320500041,0.0394754142954208,-0.0691299736467063,-0.0205045497486816,-0.0036630025081799,0.00185638172226795,-0.0071646669036241,0.0123258984808904
0.00232731249946721,-0.0141201054979956,0.196435471358699,0.302583690078602,-0.0337066776596911,0.00254159647474266,-0.108680025495612,0.601847296215122,0.420209431631285,-0.293737662625233,-0.325134680509631,0.0541663251944058,0.0594276632381977,-0.107764556791878,0.0609603178821446,0.00699695540989875,-0.0650005067730644,0.194704612306698,-0.0927933775465057,-0.139141382744245,0.000816770634583621,-0.0131416412512504,-0.0741023359022064,-0.118967569020283,-0.0598127995424739,-0.0270243703295032,-0.0152627125858732,0.0359334582672602,0.0204583134312963,-0.00144263907270094,-0.0420272009900898,-0.013084652483423,0.00342014434116418,0.0340713004434655,-0.041688374815346,-0.00941563721581018,0.0114136813583354,0.025955265304833,-0.0376715290708133,0.00533735857598485,0.0231427609843031,-0.00176490458369379,-0.0105065412318285,-0.00702497935482338
0.00269235398105984,0.00328007894694621,-0.0345418286890185,0.0276752621097454,0.0141213794740113,0.164432045390584,0.0546160908905964,0.0512767293599917,0.0656960830063724,-0.146202430923955,-0.221180585060411,0.228437681374872,-0.22630102852606,0.552209345918351,-0.216969989932857,-0.0841029046238209,-0.205411929529174,-0.253213712813967,-0.114926434934945,0.300948333307438,-0.121990739297744,-0.28020478331,0.188838204820276,0.137419168673667,-0.0292849752911673,-0.0546828036518482,-0.0377058948542378,-0.0785054799423713,-0.0564116534152655,0.173919407457729,0.0604726310885936,-0.00251755294203428,-0.0175732906781416,0.025954786405955,-0.117823437306837,-0.00389967384358199,-0.0186429658615644,-0.0684011286668809,0.0285338561539502,-0.0169874995511611,-0.0126762099000564,-0.018365949377909,0.00178361789015173,-0.00387931384450798
-0.00383647341124176,0.0147119254222298,-0.129991061580342,0.195218196975015,-0.0640496528607538,-0.204052151795665,0.0533891206252166,0.0445860421788834,0.494574780965504,0.153777306195852,0.633432762670835,0.323648625971622,0.0187335480105314,0.0542589447052577,0.120982647248947,0.0875080670895311,-0.00613876657926447,-0.206280689775668,-0.014172425035852,0.0678660575236048,0.08860365387782,-0.0686678028403307,-0.101146258753209,0.00770295907980161,-0.0965607084963178,0.0111526958761468,-0.042246473448312,0.0152595475739334,-0.0627063900613336,0.0466024605582797,-0.0192714983805419,0.0377357353141194,0.00318471311389125,0.0165372990959262,-0.032316993548518,0.0216676979147665,-0.0110116640825501,0.0172510813000774,-0.000708861700126467,-0.0244071277155335,-0.0347078271858867,-0.0265488641500942,-0.0041196539289169,-0.000606494644942637
0.00647432645201574,0.0148673235893712,0.0674236405366741,0.00359453448948642,-0.0894664319878354,-0.310306738643902,-0.368340942214723,-0.407719365276887,0.350390969235043,0.140063705109464,-0.250760320453188,-0.310171861097338,0.0717889113866265,-0.00950776816542947,-0.058809540686772,0.0141282031958128,-0.0905017844141451,-0.165712446021845,-0.375879388497989,0.0302014354259254,-0.0996082394084459,0.13890978854098,-0.00578263397017261,-0.0528053552030374,-0.0567569593415059,0.0341672466245997,-0.147603377300277,-0.0651118362431857,-0.00649069014381424,0.144219817458766,0.0416635971698837,0.0327263569792764,0.0676305266999119,0.056764640469128,-0.0510073020785209,0.00167115385833621,0.0186107876793245,0.0378287983942625,-0.0470014777839487,-0.0115146790860006,0.00372209934892869,-0.00017506515762842,-0.00812624114805439,-0.00640527676777609
0.00567591663836671,0.0239598546957439,-0.112759787904286,0.169366187753607,0.0588648531288692,0.458366721315002,0.641172813960427,-0.114694450633963,0.271923874723468,0.165379790781096,-0.0703115578673909,-0.348929914136466,-0.0237820797628279,-0.0645803623079418,-0.00189949201443839,0.0779620062151209,-0.00916100809038061,-0.0117989657384854,-0.14326717605345,-0.0792595008361352,-0.0576642895709063,-0.0034536471101625,-0.113972801847738,-0.0317360868144334,0.0269819992800105,0.0123315510451154,-0.121087880471506,-0.0583841500449024,-0.0518074939417967,0.0189358670194348,0.0243726262037357,0.0624472693744918,0.0479296074166452,0.0199149798521571,-0.020196205806556,0.0129288628280992,0.0252960882196212,0.0224420177606241,-0.0715720300045639,-0.0217563509236825,0.00889957612043127,0.00628252111249871,-0.0196227994574287,-0.000764606508161325
0.0198470461914499,-0.0129581123169762,0.201430629107324,0.0179191465938344,-0.0989313796464819,-0.0607812812499567,0.0584590612812334,-0.0382011890297115,0.113130058584558,0.125409374337718,-0.196686429490372,-0.0556083984783952,-0.115971873620297,0.092391764370185,0.116402444468189,0.201411830445055,-0.154553271325964,-0.0146873440769352,0.330883619568423,0.259156181968447,0.178118257796367,0.08605092605096,0.113925565961073,0.224776913889496,-0.0888701405286812,0.168049601510988,-0.28763996130383,0.294989683179889,-0.0564424148412231,-0.344317173869553,-0.274930814202342,0.103675875984575,0.152278474799917,-0.0707411282875424,0.179027833789243,0.0183279036317027,0.0430861393437487,0.0443633583426638,0.0637443359821004,0.0378101937289621,-0.0696225742627164,0.0279782873799012,0.0259102290319864,-0.0150607354195632
