gamma = 5.2280e-5;

k = 1.8:0.01:13;
R = 0:0.01:35;

g = 