Amount = 65536
Average value = 123.43 nm
Maximum = 228.129 nm
Minimum = 0 nm
Median = 123.874 nm
Ra = 30.7165 nm
Rms = 38.2175 nm
Skew = -0.104522
Kurtosis = -0.209974
Projected Area = 3.96881 µm²
Inclination φ  = 84.1811°
