Amount = 65536
Average value = 0.407525 µm
Maximum = 0.549143 µm
Minimum = 0 µm
Median = 0.431874 µm
Ra = 0.0675533 µm
Rms = 0.0924569 µm
Skew = -1.63683
Kurtosis = 3.07593
Surface area = 4.47834 µm²
Projected Area = 3.96881 µm²
Inclination θ  = 1.47117°
Inclination φ  = -111.232°