Amount = 65536
Average value = 144.329 nm
Maximum = 251.502 nm
Minimum = 0 nm
Median = 144.879 nm
Ra = 32.5304 nm
Rms = 41.608 nm
Skew = -0.136852
Kurtosis = -0.142017
Projected Area = 3.96881 µm²
Inclination φ  = 16.3893°