Amount = 65536
Average value = 236.752 nm
Maximum = 436.54 nm
Minimum = 0 nm
Median = 253.367 nm
Ra = 83.3134 nm
Rms = 100.296 nm
Skew = -0.432341
Kurtosis = -0.770146
Projected Area = 3.96881 µm²
Inclination φ  = 154.633°
