Amount = 65536
Average value = 0.352937 µm
Maximum = 0.523161 µm
Minimum = 0 µm
Median = 0.376541 µm
Ra = 0.0852617 µm
Rms = 0.101422 µm
Skew = -0.581196
Kurtosis = -0.558916
Surface area = 4.53773 µm²
Projected Area = 3.96881 µm²
Inclination θ  = 0.917086°
Inclination φ  = 132.388°
