-0.110949611726854,0.000156342683139953,0.463307147555743,0.118945518638041,-0.500574792300586,0.712961069868152,0
-0.216774651339686,0.138905536917275,0.428595252902952,0.263341516658012,0.799180418310644,0.204895134477173,-1.44131209126156e-16
-0.1866200075894,0.327250876616386,-0.459954444039806,0.791741944941469,-0.133067943335895,0.0442646699504978,-3.38432077280517e-16
0.104431518540257,0.881312292294236,-0.112197172373531,-0.410345376976293,0.0255674193153985,0.17537809031226,-1.79798795597252e-16
-0,1.66533453693773e-16,-1.38777878078145e-17,1.11022302462516e-16,-0,3.46944695195361e-18,1
0.701978365867304,0.208021144241335,0.463926912229819,0.347175198568203,-0.122711437437049,-0.336357967250608,-1.4398057588508e-16
-0.634186359638234,0.231577067353617,0.402837585437527,-0.0270916022744676,-0.278058750896441,-0.551226794540758,-4.01728671178364e-17
