0.00769637043509415,0.0559715897901185,-0.0902044544685848,0.313089884191063,-0.395920041657496,0.202261407414181,0.832456288050313
0.026111521974599,0.223861557143654,0.247575851031611,0.588981757889786,0.592775078069007,-0.401158660183171,0.1694116722447
0.00630766810655723,0.201265620389457,0.306822898096183,-0.30230398856326,0.504614270446919,0.690683565651146,0.205535936701226
0.00268198129411329,0.0468229576358618,0.851760582667029,-0.258543206525403,-0.337911025585826,-0.286692044232639,0.0953076510575095
0.997670224427327,-0.039610410550074,-0.0198821231031625,-0.0451539901581384,0.00707636212772531,-0.0184668959100616,0.016120045762175
0.0141730710475676,-0.662277961186494,0.320740038480087,0.503986916881245,-0.0594915145158738,0.383425398983679,-0.231852894368142
0.0605410765505397,0.681081392022846,0.0875414318781845,0.375234895677264,-0.345624491439357,0.302605144559145,-0.415899054657184
